=== Run information ===

Scheme:       weka.classifiers.bayes.NaiveBayes 
Relation:     attributeresult-weka.filters.unsupervised.attribute.NumericToNominal-R4
Instances:    9053
Attributes:   8
              movieId
              imdbId
              tmdbId
              average_rating
              SeasonReleased
              simplifiedPopularity
              profitability_numeric
              popularity_score
Test mode:    10-fold cross-validation

=== Classifier model (full training set) ===

Naive Bayes Classifier

                               Class
Attribute                        0.5            1          1.5            2          2.5            3          3.5            4          4.5            5
                              (0.01)       (0.02)       (0.02)       (0.07)       (0.09)       (0.21)       (0.23)       (0.25)       (0.05)       (0.04)
==========================================================================================================================================================
movieId
  mean                     43114.0652   31728.5233   61683.2062    38383.146   32516.9983   27522.8282   24993.5775   28747.4614   34546.0901   50022.8165
  std. dev.                39858.0932   44052.5081   50371.1341    44683.755   41349.8466    38125.996   36432.4383   38352.7922    39779.818   50896.4714
  weight sum                       93          211          211          640          854         1899         2057         2288          460          340
  precision                   18.1118      18.1118      18.1118      18.1118      18.1118      18.1118      18.1118      18.1118      18.1118      18.1118

imdbId
  mean                    551575.3086  574088.8521  1026716.054  632504.6909  514687.1795  440953.3894  390960.9179  438107.6797  478897.3953  570542.9066
  std. dev.               809009.0773  892862.4081 1022190.6847  816429.6621  737550.8812  677060.5405  638189.0275  702674.1148  798591.5249  903914.6618
  weight sum                       93          211          211          640          854         1899         2057         2288          460          340
  precision                  640.1181     640.1181     640.1181     640.1181     640.1181     640.1181     640.1181     640.1181     640.1181     640.1181

tmdbId
  mean                     51512.9535   52445.4154   82904.0486   50251.7076   39818.2427   35418.7157   29548.8936   36265.1144   40992.0327   54627.9349
  std. dev.                80670.7308   77190.3012    95896.655   69558.8814   62476.9864   56931.1663   52557.1259   58783.3615   61226.9475   71746.0677
  weight sum                       93          211          211          640          854         1899         2057         2288          460          340
  precision                   46.0048      46.0048      46.0048      46.0048      46.0048      46.0048      46.0048      46.0048      46.0048      46.0048

SeasonReleased
  mean                         6.4946       6.6114       6.4408       6.9515       6.6741       6.7155       6.9198        6.748       6.5261       6.7382
  std. dev.                     3.597       3.5346       3.6804       3.4653       3.5552       3.5059       3.5267       3.5023       3.4831       3.6677
  weight sum                       93          211          211          639          853         1898         2057         2286          460          340
  precision                         1            1            1            1            1            1            1            1            1            1

simplifiedPopularity
  mean                         4.6862       4.9511       3.8728       4.9971       4.9382       5.0692       4.9961       5.0225       4.4655       4.6937
  std. dev.                    3.8626       4.4579       3.9391       4.4384       4.7013       5.9958       4.8228       4.8872       4.1562       4.2306
  weight sum                       93          211          211          640          854         1899         2057         2288          460          340
  precision                    3.2045       3.2045       3.2045       3.2045       3.2045       3.2045       3.2045       3.2045       3.2045       3.2045

profitability_numeric
  mean                        -0.7419      -0.7156      -0.7156      -0.7375       -0.692      -0.7004      -0.6981      -0.6984      -0.7674      -0.7676
  std. dev.                    0.4376       0.4511       0.4511         0.44       0.4617       0.4581       0.4591       0.4589       0.4225       0.4223
  weight sum                       93          211          211          640          854         1899         2057         2288          460          340
  precision                         1            1            1            1            1            1            1            1            1            1

popularity_score
  mean                         0.0927       0.1224       0.0644       0.1281       0.1221       0.1339       0.1497        0.153        0.103       0.0944
  std. dev.                    0.1722       0.3835       0.1487       0.3851       0.4465       0.4321       0.5129       0.4892       0.3421       0.3376
  weight sum                       93          211          211          640          854         1899         2057         2288          460          340
  precision                    0.0323       0.0323       0.0323       0.0323       0.0323       0.0323       0.0323       0.0323       0.0323       0.0323



Time taken to build model: 0.01 seconds

=== Stratified cross-validation ===
=== Summary ===

Correctly Classified Instances        2049               22.6334 %
Incorrectly Classified Instances      7004               77.3666 %
Kappa statistic                          0.0266
Mean absolute error                      0.1641
Root mean squared error                  0.2974
Relative absolute error                 99.877  %
Root relative squared error            103.7542 %
Total Number of Instances             9053     

=== Detailed Accuracy By Class ===

                 TP Rate  FP Rate  Precision  Recall   F-Measure  MCC      ROC Area  PRC Area  Class
                 0.000    0.000    ?          0.000    ?          ?        0.550     0.013     0.5
                 0.000    0.000    ?          0.000    ?          ?        0.446     0.021     1
                 0.351    0.107    0.072      0.351    0.120      0.116    0.674     0.054     1.5
                 0.006    0.002    0.160      0.006    0.012      0.018    0.519     0.081     2
                 0.000    0.000    ?          0.000    ?          ?        0.505     0.096     2.5
                 0.085    0.081    0.218      0.085    0.123      0.006    0.510     0.214     3
                 0.728    0.645    0.249      0.728    0.371      0.073    0.557     0.256     3.5
                 0.133    0.135    0.250      0.133    0.174      -0.003   0.511     0.261     4
                 0.000    0.000    ?          0.000    ?          ?        0.531     0.056     4.5
                 0.021    0.003    0.241      0.021    0.038      0.061    0.592     0.080     5
Weighted Avg.    0.226    0.201    ?          0.226    ?          ?        0.528     0.192     

=== Confusion Matrix ===

    a    b    c    d    e    f    g    h    i    j   <-- classified as
    0    0   11    0    0    4   54   24    0    0 |    a = 0.5
    0    0   29    0    0   19  138   24    0    1 |    b = 1
    0    0   74    1    0   14   85   37    0    0 |    c = 1.5
    0    0  117    4    0   50  384   83    0    2 |    d = 2
    0    0  105    2    0   71  554  120    0    2 |    e = 2.5
    0    0  184    3    0  162 1299  248    0    3 |    f = 3
    0    0  154    2    0  171 1497  227    0    6 |    g = 3.5
    0    0  228   10    0  194 1544  305    0    7 |    h = 4
    0    0   56    2    0   30  293   78    0    1 |    i = 4.5
    0    0   64    1    0   29  164   75    0    7 |    j = 5